function G = grid_easy_10()

G = [   -1  -1  -1  -1  -1  -1  -1  -1  -1  -1  -1  -1 ;
        -1  0   0   0   0   0    0   0   0   0   0   -1;
        -1  0   0   -1  0   0    0   0   -1  0   0   -1;
        -1  0   0   -1  0   0    0   0   -1  0   0   -1;
        -1  0   0   -1  0   0    0   0   -1  0   0   -1;
        -1  0   0   0   0   0    0   0   0   0   0   -1;
        -1  0   0   0   0   0    0   0   0   0   0   -1;
        -1  0   0   -1  0   0    0   0   -1  0   0   -1;
        -1  0   0   -1  0   0    0   0   -1  0   0   -1;
        -1  0   0   -1  0   0    0   0   -1  0   0   -1;
        -1  0   0   0   0   0    0   0   0   0   1   -1;
        -1  -1  -1  -1  -1  -1  -1  -1  -1  -1  -1  -1 ];
end